0,42,54,98,68,63,83,94,55,35,12,63,30,17,97,62,96,26,63,76,91,19,52,42,55,95,8,97,6,18,96,3,46,21,55,88,14,27,65,8,94,93,52,39,40,52,12,94,89,39,38,6,24,92,88,40,89,12,40,8,86,41,66,15,61,91,11,32,33,59,77,24,46,51,97,17,6,58,16,40,84,28,51,28,56,46,60,17,51,72,74,16,67,75,38,93,56,81,4,61
42,0,9,82,30,86,58,34,31,19,30,93,13,72,36,96,65,34,88,48,31,49,79,29,25,54,25,81,18,94,32,72,74,27,62,13,44,8,65,22,96,89,52,14,12,34,88,96,99,35,57,66,76,87,98,84,62,79,63,10,21,52,72,86,24,4,45,66,49,74,82,39,96,95,48,69,32,43,64,25,34,67,32,65,82,54,20,85,21,70,27,11,72,66,44,97,11,87,46,55
54,9,0,84,44,11,54,93,27,28,9,3,86,75,29,10,87,20,4,39,41,33,28,92,25,88,32,4,11,99,24,55,94,85,88,96,48,36,87,9,92,32,79,61,26,17,99,24,74,57,39,54,16,20,50,28,66,61,18,58,34,75,29,36,66,21,71,46,85,31,3,22,27,40,23,57,93,64,74,36,27,21,27,36,16,41,42,37,37,88,10,89,53,92,27,89,62,44,7,97
98,82,84,0,32,45,12,76,81,63,78,46,92,82,42,62,69,17,17,9,50,43,38,91,3,49,44,59,56,56,77,14,67,80,95,30,31,23,72,68,36,47,81,94,97,20,33,80,45,87,57,2,1,56,22,18,51,57,57,37,8,56,85,65,86,86,31,27,2,83,91,57,86,72,66,78,58,7,28,27,19,9,93,58,20,97,20,6,90,60,77,6,40,66,6,62,45,59,9,85
68,30,44,32,0,31,36,19,63,53,54,63,83,94,60,53,96,81,95,66,27,34,66,9,5,51,41,36,52,59,44,35,75,93,25,17,10,82,72,55,63,78,44,96,3,96,80,81,45,40,87,15,65,38,45,11,21,87,15,59,77,42,33,23,43,3,47,45,14,87,68,47,93,26,22,92,42,29,52,33,86,29,70,74,46,2,6,95,21,73,33,65,88,37,61,62,59,64,23,76
63,86,11,45,31,0,21,52,86,86,51,80,9,72,14,25,45,75,95,98,54,77,44,65,98,81,32,5,82,76,6,67,38,91,75,93,83,90,62,51,69,13,92,50,56,50,39,93,13,22,5,27,89,53,48,43,60,27,38,2,81,7,55,25,61,2,7,26,94,65,83,34,47,14,32,64,51,43,52,13,92,34,7,11,58,27,54,17,15,46,85,3,84,70,73,74,12,26,23,22
83,58,54,12,36,21,0,57,75,34,21,35,22,44,74,15,60,93,34,9,21,53,69,79,23,69,46,66,94,77,71,79,76,6,54,51,43,57,59,5,91,74,5,31,17,63,54,3,13,14,79,65,33,55,42,4,59,10,56,7,75,78,90,89,31,9,70,30,82,2,42,8,84,75,48,17,28,83,96,6,3,72,43,56,75,83,94,16,53,98,49,10,40,11,67,72,39,48,6,82
94,34,93,76,19,52,57,0,20,5,91,68,16,17,88,58,27,55,20,47,33,40,93,56,94,69,10,39,20,71,96,35,85,58,29,19,97,95,11,26,77,76,55,23,51,88,34,9,36,92,64,87,2,95,67,25,87,1,96,25,68,72,40,26,58,60,26,55,7,38,12,61,22,86,2,45,45,87,63,3,24,67,87,17,6,27,75,6,94,28,80,66,5,52,98,10,46,20,27,41
55,31,27,81,63,86,75,20,0,59,64,4,76,69,63,18,42,57,22,29,61,4,10,73,65,36,31,1,29,5,57,15,84,36,76,57,99,89,97,30,73,47,79,56,41,82,93,18,52,39,10,53,88,38,8,25,93,83,17,94,7,54,57,68,38,61,15,77,92,72,12,46,78,57,94,6,12,70,26,33,54,38,76,32,73,35,14,71,97,33,98,85,36,26,55,40,20,78,50,89
35,19,28,63,53,86,34,5,59,0,69,28,43,15,22,73,32,67,29,89,67,20,53,4,58,33,88,50,36,58,10,68,3,69,1,50,37,42,56,83,71,95,93,34,29,93,99,78,19,24,14,43,81,53,97,77,1,95,91,84,43,57,93,70,65,18,64,1,48,14,7,67,80,72,18,16,69,66,46,51,98,30,75,79,97,35,62,99,59,31,25,89,61,59,49,13,30,70,79,4
12,30,9,78,54,51,21,91,64,69,0,94,16,70,18,84,66,74,48,20,32,25,65,17,14,8,98,96,83,60,7,96,20,16,59,79,77,10,72,50,41,79,29,39,29,73,23,5,96,82,48,98,18,40,93,36,74,87,40,25,43,41,34,84,19,73,37,44,49,44,19,90,16,85,92,7,56,81,61,66,54,44,82,80,70,26,6,22,83,75,97,83,76,83,11,10,55,92,13,59
63,93,3,46,63,80,35,68,4,28,94,0,30,53,19,23,50,99,58,80,26,94,15,9,99,47,65,2,57,51,67,51,83,19,6,39,72,5,66,63,25,55,23,90,1,76,38,27,74,11,38,3,81,44,58,78,69,65,55,56,69,19,40,12,88,48,52,10,38,55,23,46,2,22,51,64,62,83,36,98,89,91,87,75,94,96,65,32,68,51,59,1,17,72,84,1,87,75,64,80
30,13,86,92,83,9,22,16,76,43,16,30,0,3,19,3,67,26,43,28,63,38,80,73,36,68,97,15,60,55,55,5,33,76,46,34,46,37,78,57,21,37,2,23,91,19,14,25,49,11,51,29,31,72,6,3,50,54,71,67,77,76,57,45,59,42,77,76,67,83,49,13,88,69,10,53,41,61,94,5,22,44,62,80,68,32,36,76,59,64,37,46,7,94,70,47,94,87,50,35
17,72,75,82,94,72,44,17,69,15,70,53,3,0,94,34,23,98,28,85,68,23,90,25,48,52,23,83,78,53,41,6,79,43,92,86,6,95,88,64,1,73,31,9,62,7,23,90,76,64,72,61,28,55,60,28,97,78,2,57,84,63,68,6,77,49,89,82,71,8,21,65,87,82,72,68,87,28,1,72,21,52,64,41,26,14,26,8,97,87,16,68,52,76,31,61,11,36,97,82
97,36,29,42,60,14,74,88,63,22,18,19,19,94,0,14,22,62,98,6,24,32,6,90,92,39,24,2,5,58,44,82,11,29,29,40,82,33,89,34,6,69,30,88,43,72,92,93,23,30,84,61,53,30,30,18,31,10,10,95,58,13,60,5,5,63,73,51,64,27,67,70,7,83,87,57,9,81,86,60,44,2,70,97,18,1,21,1,28,39,18,17,49,1,51,80,4,86,46,88
62,96,10,62,53,25,15,58,18,73,84,23,3,34,14,0,27,87,18,83,86,32,30,99,63,1,13,45,65,12,19,90,59,81,35,53,11,17,57,14,6,3,49,84,60,15,75,46,65,9,32,81,97,33,78,29,38,13,91,63,13,58,20,52,22,23,93,75,55,91,57,69,60,7,62,73,74,24,9,53,69,94,68,56,38,64,76,94,59,16,14,17,59,95,82,28,44,86,96,52
96,65,87,69,96,45,60,27,42,32,66,50,67,23,22,27,0,84,71,74,97,37,15,66,92,90,49,16,72,25,57,61,84,55,64,85,81,50,12,43,90,26,37,40,96,61,39,12,52,68,21,78,52,55,34,10,69,5,82,91,2,17,24,15,26,40,28,91,6,33,14,14,53,78,58,44,73,5,59,79,28,21,68,70,17,37,81,17,12,56,79,49,69,25,26,6,26,34,11,4
26,34,20,17,81,75,93,55,57,67,74,99,26,98,62,87,84,0,23,25,46,35,57,32,90,71,7,5,34,13,17,9,97,66,13,96,85,77,19,34,51,26,44,29,4,83,15,22,29,49,16,39,38,83,42,47,27,18,79,85,60,96,39,39,55,6,91,49,83,58,70,70,72,78,26,1,12,67,6,39,57,80,10,86,33,11,32,32,20,5,10,73,45,85,5,68,44,53,44,2
63,88,4,17,95,95,34,20,22,29,48,58,43,28,98,18,71,23,0,20,94,30,46,72,90,49,14,10,49,96,65,30,71,58,76,81,41,30,41,81,71,47,84,3,9,98,4,28,91,92,61,51,96,47,92,43,60,80,36,66,95,70,28,38,16,51,14,43,66,30,74,80,80,80,39,60,66,99,93,31,27,93,32,42,45,55,82,34,13,26,31,62,40,94,99,36,30,15,99,87
76,48,39,9,66,98,9,47,29,89,20,80,28,85,6,83,74,25,20,0,56,8,80,47,20,29,46,50,31,66,34,34,86,38,14,66,90,71,36,56,94,22,61,87,90,20,3,37,53,5,33,93,46,20,56,73,92,47,22,17,45,41,72,80,21,54,5,8,58,98,25,77,72,41,86,41,28,82,6,11,47,16,10,51,48,15,42,5,30,24,67,14,26,52,98,70,1,1,97,59
91,31,41,50,27,54,21,33,61,67,32,26,63,68,24,86,97,46,94,56,0,45,24,62,28,37,88,62,27,5,2,22,88,93,77,22,54,43,19,28,52,80,84,91,2,59,13,50,64,20,72,83,23,19,17,12,94,98,7,40,67,42,83,13,59,96,49,59,13,85,46,50,80,17,84,93,55,7,18,15,82,94,98,50,12,19,33,81,24,90,70,71,84,37,15,87,75,83,27,8
19,49,33,43,34,77,53,40,4,20,25,94,38,23,32,32,37,35,30,8,45,0,42,2,92,89,20,35,20,71,52,96,50,22,4,60,42,81,45,57,13,29,25,69,88,2,17,57,69,2,44,99,42,50,69,89,42,76,53,49,14,19,86,36,74,49,68,77,3,61,55,18,78,57,60,11,5,72,10,39,7,57,33,18,60,67,27,17,58,87,28,97,29,30,57,96,39,25,71,27
52,79,28,38,66,44,69,93,10,53,65,15,80,90,6,30,15,57,46,80,24,42,0,10,66,79,55,40,15,57,13,98,27,16,96,66,2,72,30,81,35,62,28,94,47,50,41,60,92,72,27,81,21,72,11,32,71,69,97,89,99,2,97,82,98,1,11,74,34,46,48,37,28,27,34,83,25,82,61,38,90,52,46,16,56,88,53,70,50,81,44,5,54,34,9,3,25,37,38,43
42,29,92,91,9,65,79,56,73,4,17,9,73,25,90,99,66,32,72,47,62,2,10,0,95,4,9,96,15,85,20,46,35,49,59,28,8,22,43,49,97,94,3,58,70,85,67,47,69,62,10,40,34,9,4,68,76,48,69,62,66,11,44,85,46,34,64,26,23,23,82,67,58,27,26,67,98,58,8,61,83,45,85,14,55,7,6,28,13,47,9,72,44,84,36,89,65,78,21,66
55,25,25,3,5,98,23,94,65,58,14,99,36,48,92,63,92,90,90,20,28,92,66,95,0,13,2,96,40,96,78,14,1,96,86,81,79,79,9,46,69,12,34,16,85,87,24,30,95,10,95,95,31,52,86,99,16,47,11,95,26,21,7,78,97,26,64,75,15,90,32,21,94,26,99,76,90,31,63,53,39,23,49,95,65,11,17,91,76,1,19,52,64,86,24,54,30,42,1,48
95,54,88,49,51,81,69,69,36,33,8,47,68,52,39,1,90,71,49,29,37,89,79,4,13,0,65,90,56,63,8,14,26,1,74,23,7,26,44,36,52,80,36,93,91,8,85,36,1,22,80,89,3,96,6,98,8,31,17,10,82,45,60,93,40,76,56,84,58,14,82,4,26,67,66,97,90,86,12,19,39,23,82,83,74,83,66,45,11,25,36,16,70,64,42,76,82,58,34,86
8,25,32,44,41,32,46,10,31,88,98,65,97,23,24,13,49,7,14,46,88,20,55,9,2,65,0,81,7,65,71,98,43,68,67,54,81,61,9,30,50,64,57,32,16,87,29,44,5,75,29,39,37,75,69,3,79,95,50,94,14,33,88,9,69,34,95,78,72,73,63,74,69,5,55,28,13,79,93,48,17,70,15,67,3,15,80,57,38,12,37,81,68,66,94,3,78,44,24,25
97,81,4,59,36,5,66,39,1,50,96,2,15,83,2,45,16,5,10,50,62,35,40,96,96,90,81,0,60,20,37,86,19,66,65,72,20,85,81,77,79,42,85,91,25,52,11,13,11,35,59,79,25,73,29,38,74,61,33,10,66,10,80,86,8,93,23,33,1,88,30,92,81,96,99,11,83,13,59,46,41,7,77,90,58,5,31,82,31,32,60,9,36,86,41,8,17,19,7,40
6,18,11,56,52,82,94,20,29,36,83,57,60,78,5,65,72,34,49,31,27,20,15,15,40,56,7,60,0,44,98,72,66,87,24,65,80,85,55,25,45,48,46,93,73,69,37,30,11,97,89,81,59,34,26,65,88,98,57,49,82,57,64,42,76,28,96,33,18,57,74,99,3,19,65,62,44,76,87,57,7,93,48,27,58,49,38,92,79,80,10,26,9,73,68,66,15,9,73,4
18,94,99,56,59,76,77,71,5,58,60,51,55,53,58,12,25,13,96,66,5,71,57,85,96,63,65,20,44,0,96,50,97,71,23,15,53,82,83,21,7,41,68,12,11,67,58,90,70,63,41,57,59,57,27,43,29,70,79,10,97,25,52,31,89,30,23,70,86,98,27,66,75,4,96,13,60,23,74,91,2,12,41,97,74,14,1,44,93,77,80,76,96,88,80,95,46,58,24,88
96,32,24,77,44,6,71,96,57,10,7,67,55,41,44,19,57,17,65,34,2,52,13,20,78,8,71,37,98,96,0,27,5,71,99,14,65,5,35,67,62,82,5,46,70,57,44,8,11,60,69,49,6,35,35,80,37,31,57,96,37,59,48,20,40,72,29,73,44,17,82,83,96,13,6,52,69,78,8,97,13,87,38,16,70,68,73,46,56,21,52,11,44,71,94,93,92,44,80,42
3,72,55,14,35,67,79,35,15,68,96,51,5,6,82,90,61,9,30,34,22,96,98,46,14,14,98,86,72,50,27,0,54,64,35,49,91,59,90,4,35,99,74,65,30,30,92,47,85,21,59,74,81,20,40,85,54,11,50,63,93,63,9,40,8,88,45,86,49,74,80,18,88,29,98,17,17,90,93,32,59,36,30,29,93,59,97,57,37,39,8,25,26,63,85,24,12,40,34,2
46,74,94,67,75,38,76,85,84,3,20,83,33,79,11,59,84,97,71,86,88,50,27,35,1,26,43,19,66,97,5,54,0,28,68,15,45,50,80,10,42,79,32,26,92,99,69,91,58,20,32,31,94,63,28,29,63,14,36,5,82,69,79,95,85,27,13,58,73,37,80,9,17,68,80,94,86,9,87,28,96,35,87,61,99,95,54,52,45,33,35,85,40,87,75,99,15,95,38,94
21,27,85,80,93,91,6,58,36,69,16,19,76,43,29,81,55,66,58,38,93,22,16,49,96,1,68,66,87,71,71,64,28,0,22,63,62,65,98,80,16,28,6,88,63,88,62,62,35,36,11,97,9,85,20,6,73,65,58,59,7,80,48,30,31,30,46,38,70,25,32,60,80,74,76,35,79,98,56,69,44,22,2,28,89,7,26,96,21,5,27,84,63,50,31,70,44,94,35,68
55,62,88,95,25,75,54,29,76,1,59,6,46,92,29,35,64,13,76,14,77,4,96,59,86,74,67,65,24,23,99,35,68,22,0,57,2,46,99,75,9,57,43,31,55,65,72,43,8,76,43,4,68,81,24,10,86,74,53,41,91,90,7,82,37,12,60,85,85,50,36,61,21,43,1,20,26,60,33,20,7,76,93,70,94,90,48,29,15,63,55,48,57,42,74,16,32,36,14,28
88,13,96,30,17,93,51,19,57,50,79,39,34,86,40,53,85,96,81,66,22,60,66,28,81,23,54,72,65,15,14,49,15,63,57,0,34,44,54,58,28,65,1,56,50,97,60,22,51,77,30,14,80,45,75,30,16,90,77,2,74,80,57,69,71,97,27,63,79,7,86,45,66,85,23,61,41,16,12,56,96,88,99,71,91,15,63,20,38,85,3,24,40,89,83,31,71,25,94,85
14,44,48,31,10,83,43,97,99,37,77,72,46,6,82,11,81,85,41,90,54,42,2,8,79,7,81,20,80,53,65,91,45,62,2,34,0,25,5,13,61,95,2,51,68,79,39,87,87,20,54,44,88,70,58,14,66,51,13,10,54,23,35,30,45,73,79,8,91,44,87,57,4,96,46,64,13,24,74,41,42,18,51,5,18,25,19,76,99,48,72,77,34,66,66,19,18,32,55,55
27,8,36,23,82,90,57,95,89,42,10,5,37,95,33,17,50,77,30,71,43,81,72,22,79,26,61,85,85,82,5,59,50,65,46,44,25,0,93,85,87,91,31,73,86,35,48,1,17,67,5,16,94,18,26,40,22,46,6,41,98,77,19,82,20,24,13,33,83,24,7,68,27,38,59,48,23,38,30,8,42,9,20,52,30,17,85,68,77,65,31,65,58,82,70,56,14,58,54,78
65,65,87,72,72,62,59,11,97,56,72,66,78,88,89,57,12,19,41,36,19,45,30,43,9,44,9,81,55,83,35,90,80,98,99,54,5,93,0,28,93,62,82,5,61,63,68,88,42,27,19,12,59,88,93,39,35,78,39,81,26,81,80,56,58,64,45,53,87,25,93,86,46,96,90,11,73,81,4,57,13,17,75,73,52,77,27,37,95,96,49,14,62,21,64,28,70,79,78,25
8,22,9,68,55,51,5,26,30,83,50,63,57,64,34,14,43,34,81,56,28,57,81,49,46,36,30,77,25,21,67,4,10,80,75,58,13,85,28,0,23,67,26,92,55,56,26,17,36,6,42,30,12,86,92,55,74,6,57,75,28,43,68,37,58,76,18,43,78,9,57,2,22,83,46,15,94,98,96,77,56,93,99,46,1,32,57,73,57,56,19,37,49,28,41,2,46,30,66,10
94,96,92,36,63,69,91,77,73,71,41,25,21,1,6,6,90,51,71,94,52,13,35,97,69,52,50,79,45,7,62,35,42,16,9,28,61,87,93,23,0,42,52,54,40,87,35,43,52,35,88,79,32,85,56,6,79,34,58,27,24,76,70,61,42,80,72,79,37,2,26,52,66,15,21,13,82,73,43,31,43,41,99,26,10,28,67,19,36,66,80,35,93,59,48,59,42,36,5,69
93,89,32,47,78,13,74,76,47,95,79,55,37,73,69,3,26,26,47,22,80,29,62,94,12,80,64,42,48,41,82,99,79,28,57,65,95,91,62,67,42,0,62,48,66,44,89,51,33,50,52,77,86,43,58,78,19,57,15,28,59,17,57,48,22,81,49,75,49,8,28,26,64,71,78,57,14,29,84,95,19,55,61,42,6,39,99,7,38,67,44,82,24,99,19,26,17,41,42,45
52,52,79,81,44,92,5,55,79,93,29,23,2,31,30,49,37,44,84,61,84,25,28,3,34,36,57,85,46,68,5,74,32,6,43,1,2,31,82,26,52,62,0,92,25,19,62,1,13,71,48,89,19,98,97,16,88,4,63,98,94,11,83,60,22,74,31,12,87,33,43,9,61,10,33,57,51,72,49,69,95,10,83,74,47,5,97,71,80,57,79,24,12,62,62,99,58,66,62,35
39,14,61,94,96,50,31,23,56,34,39,90,23,9,88,84,40,29,3,87,91,69,94,58,16,93,32,91,93,12,46,65,26,88,31,56,51,73,5,92,54,48,92,0,24,44,42,49,58,71,53,79,47,80,89,40,93,50,75,8,66,20,36,44,37,85,72,99,14,62,94,76,86,69,11,61,76,29,59,1,23,34,62,58,95,65,82,86,53,30,83,91,53,85,48,98,32,36,79,3
40,12,26,97,3,56,17,51,41,29,29,1,91,62,43,60,96,4,9,90,2,88,47,70,85,91,16,25,73,11,70,30,92,63,55,50,68,86,61,55,40,66,25,24,0,41,53,28,23,85,14,60,22,29,3,30,33,17,87,67,49,3,88,25,97,89,73,12,82,7,84,67,11,14,41,79,68,65,14,9,77,13,14,37,4,92,13,86,29,74,4,22,69,94,43,9,66,93,86,13
52,34,17,20,96,50,63,88,82,93,73,76,19,7,72,15,61,83,98,20,59,2,50,85,87,8,87,52,69,67,57,30,99,88,65,97,79,35,63,56,87,44,19,44,41,0,99,45,33,23,66,3,16,95,92,69,52,76,93,90,69,19,56,98,42,56,74,99,42,26,93,20,59,26,99,25,62,85,21,12,78,43,59,90,61,5,31,65,17,70,28,16,67,27,86,97,6,63,72,71
12,88,99,33,80,39,54,34,93,99,23,38,14,23,92,75,39,15,4,3,13,17,41,67,24,85,29,11,37,58,44,92,69,62,72,60,39,48,68,26,35,89,62,42,53,99,0,46,26,56,50,97,62,10,18,78,77,82,69,5,51,94,40,62,25,97,84,84,27,50,58,72,31,61,67,56,33,29,37,43,15,51,78,56,2,20,76,93,79,82,5,32,67,85,85,88,25,66,81,72
94,96,24,80,81,93,3,9,18,78,5,27,25,90,93,46,12,22,28,37,50,57,60,47,30,36,44,13,30,90,8,47,91,62,43,22,87,1,88,17,43,51,1,49,28,45,46,0,76,39,58,39,48,7,2,78,81,64,21,43,35,33,18,66,25,64,76,53,33,75,24,10,9,52,35,92,17,70,30,27,50,80,28,6,40,8,21,91,26,4,13,42,71,15,7,92,11,84,68,86
89,99,74,45,45,13,13,36,52,19,96,74,49,76,23,65,52,29,91,53,64,69,92,69,95,1,5,11,11,70,11,85,58,35,8,51,87,17,42,36,52,33,13,58,23,33,26,76,0,23,77,59,28,90,29,68,13,63,3,28,32,71,72,52,91,18,10,64,50,79,85,80,23,59,66,3,37,32,31,70,10,83,62,58,5,23,57,34,73,70,14,96,5,67,21,87,5,37,17,93
39,35,57,87,40,22,14,92,39,24,82,11,11,64,30,9,68,49,92,5,20,2,72,62,10,22,75,35,97,63,60,21,20,36,76,77,20,67,27,6,35,50,71,71,85,23,56,39,23,0,42,50,53,58,47,81,22,83,32,62,66,76,18,95,64,95,98,15,87,57,79,93,18,74,96,53,41,62,36,5,92,93,90,46,65,55,63,63,71,54,49,66,59,50,94,85,76,66,97,71
38,57,39,57,87,5,79,64,10,14,48,38,51,72,84,32,21,16,61,33,72,44,27,10,95,80,29,59,89,41,69,59,32,11,43,30,54,5,19,42,88,52,48,53,14,66,50,58,77,42,0,78,31,23,34,82,26,95,50,59,75,58,67,60,71,53,69,84,54,8,80,65,38,89,12,91,28,8,28,51,88,28,93,2,24,78,40,38,34,19,67,9,99,31,26,3,53,21,21,86
6,66,54,2,15,27,65,87,53,43,98,3,29,61,61,81,78,39,51,93,83,99,81,40,95,89,39,79,81,57,49,74,31,97,4,14,44,16,12,30,79,77,89,79,60,3,97,39,59,50,78,0,5,97,55,13,80,91,61,50,17,8,43,3,98,46,81,34,70,8,8,76,8,25,18,32,78,98,23,61,88,19,98,55,33,33,56,83,49,28,72,34,96,32,99,99,58,47,29,65
24,76,16,1,65,89,33,2,88,81,18,81,31,28,53,97,52,38,96,46,23,42,21,34,31,3,37,25,59,59,6,81,94,9,68,80,88,94,59,12,32,86,19,47,22,16,62,48,28,53,31,5,0,84,53,77,44,74,99,9,84,29,89,48,36,50,10,95,80,34,2,98,7,32,5,1,51,19,97,13,74,51,57,29,92,47,45,39,51,84,68,43,28,37,15,45,89,30,87,3
92,87,20,56,38,53,55,95,38,53,40,44,72,55,30,33,55,83,47,20,19,50,72,9,52,96,75,73,34,57,35,20,63,85,81,45,70,18,88,86,85,43,98,80,29,95,10,7,90,58,23,97,84,0,67,76,74,46,69,44,62,97,19,9,12,43,17,79,39,71,24,11,94,29,62,11,89,23,33,63,71,92,40,45,79,8,27,99,7,6,19,16,75,16,64,59,62,98,76,70
88,98,50,22,45,48,42,67,8,97,93,58,6,60,30,78,34,42,92,56,17,69,11,4,86,6,69,29,26,27,35,40,28,20,24,75,58,26,93,92,56,58,97,89,3,92,18,2,29,47,34,55,53,67,0,89,42,74,4,1,29,7,47,55,47,82,37,39,27,66,31,51,96,80,18,39,35,61,2,55,98,23,40,22,37,63,72,37,24,69,21,44,69,70,11,90,8,67,64,85
40,84,28,18,11,43,4,25,25,77,36,78,3,28,18,29,10,47,43,73,12,89,32,68,99,98,3,38,65,43,80,85,29,6,10,30,14,40,39,55,6,78,16,40,30,69,78,78,68,81,82,13,77,76,89,0,24,11,48,98,48,57,11,92,36,63,81,44,92,38,88,48,57,43,56,50,97,45,35,92,26,99,38,58,98,85,18,60,12,66,76,56,43,99,36,77,59,50,53,21
89,62,66,51,21,60,59,87,93,1,74,69,50,97,31,38,69,27,60,92,94,42,71,76,16,8,79,74,88,29,37,54,63,73,86,16,66,22,35,74,79,19,88,93,33,52,77,81,13,22,26,80,44,74,42,24,0,34,67,16,84,11,46,12,24,40,46,85,95,22,96,89,54,7,46,45,95,61,93,20,87,57,53,22,87,2,8,36,98,62,73,5,56,92,58,53,94,24,25,86
12,79,61,57,87,27,10,1,83,95,87,65,54,78,10,13,5,18,80,47,98,76,69,48,47,31,95,61,98,70,31,11,14,65,74,90,51,46,78,6,34,57,4,50,17,76,82,64,63,83,95,91,74,46,74,11,34,0,87,28,29,45,7,20,70,66,12,92,10,2,96,59,79,65,98,7,77,73,24,11,29,12,74,46,26,19,31,19,46,23,88,60,20,13,80,19,85,71,12,71
40,63,18,57,15,38,56,96,17,91,40,55,71,2,10,91,82,79,36,22,7,53,97,69,11,17,50,33,57,79,57,50,36,58,53,77,13,6,39,57,58,15,63,75,87,93,69,21,3,32,50,61,99,69,4,48,67,87,0,87,69,17,22,46,40,72,65,65,31,78,11,19,62,34,60,56,62,35,95,82,51,3,84,51,14,74,81,29,22,81,13,66,90,19,10,28,86,54,14,32
8,10,58,37,59,2,7,25,94,84,25,56,67,57,95,63,91,85,66,17,40,49,89,62,95,10,94,10,49,10,96,63,5,59,41,2,10,41,81,75,27,28,98,8,67,90,5,43,28,62,59,50,9,44,1,98,16,28,87,0,94,77,88,33,53,13,73,13,64,42,17,15,2,17,10,67,97,22,86,46,53,92,74,40,56,6,84,15,22,75,36,2,71,71,69,74,57,77,66,22
86,21,34,8,77,81,75,68,7,43,43,69,77,84,58,13,2,60,95,45,67,14,99,66,26,82,14,66,82,97,37,93,82,7,91,74,54,98,26,28,24,59,94,66,49,69,51,35,32,66,75,17,84,62,29,48,84,29,69,94,0,29,26,42,35,74,4,95,67,33,90,5,94,72,3,63,60,79,18,8,1,32,50,65,56,93,45,74,53,16,74,72,65,74,90,31,44,43,22,43
41,52,75,56,42,7,78,72,54,57,41,19,76,63,13,58,17,96,70,41,42,19,2,11,21,45,33,10,57,25,59,63,69,80,90,80,23,77,81,43,76,17,11,20,3,19,94,33,71,76,58,8,29,97,7,57,11,45,17,77,29,0,15,10,81,8,40,56,52,35,44,91,25,33,92,75,76,78,34,12,17,22,89,44,37,65,87,49,74,39,53,51,11,9,30,43,30,61,58,55
66,72,29,85,33,55,90,40,57,93,34,40,57,68,60,20,24,39,28,72,83,86,97,44,7,60,88,80,64,52,48,9,79,48,7,57,35,19,80,68,70,57,83,36,88,56,40,18,72,18,67,43,89,19,47,11,46,7,22,88,26,15,0,63,88,62,51,38,18,4,83,40,99,38,99,41,28,15,27,82,72,91,19,55,17,79,16,95,86,94,66,7,28,31,91,48,72,48,35,95
15,86,36,65,23,25,89,26,68,70,84,12,45,6,5,52,15,39,38,80,13,36,82,85,78,93,9,86,42,31,20,40,95,30,82,69,30,82,56,37,61,48,60,44,25,98,62,66,52,95,60,3,48,9,55,92,12,20,46,33,42,10,63,0,9,59,57,7,2,27,54,5,4,66,21,11,63,39,73,41,15,53,24,87,24,44,37,19,70,53,58,98,80,94,42,74,55,92,72,28
61,24,66,86,43,61,31,58,38,65,19,88,59,77,5,22,26,55,16,21,59,74,98,46,97,40,69,8,76,89,40,8,85,31,37,71,45,20,58,58,42,22,22,37,97,42,25,25,91,64,71,98,36,12,47,36,24,70,40,53,35,81,88,9,0,3,19,90,29,56,92,59,8,55,51,22,72,77,13,38,79,12,80,33,3,43,30,23,92,54,50,96,85,99,46,74,43,68,94,52
91,4,21,86,3,2,9,60,61,18,73,48,42,49,63,23,40,6,51,54,96,49,1,34,26,76,34,93,28,30,72,88,27,30,12,97,73,24,64,76,80,81,74,85,89,56,97,64,18,95,53,46,50,43,82,63,40,66,72,13,74,8,62,59,3,0,72,94,52,40,45,14,11,97,30,46,7,88,52,89,60,54,33,3,70,21,92,81,27,38,74,84,74,80,69,12,90,97,24,20
11,45,71,31,47,7,70,26,15,64,37,52,77,89,73,93,28,91,14,5,49,68,11,64,64,56,95,23,96,23,29,45,13,46,60,27,79,13,45,18,72,49,31,72,73,74,84,76,10,98,69,81,10,17,37,81,46,12,65,73,4,40,51,57,19,72,0,11,40,77,51,54,53,24,62,89,80,67,43,3,25,18,99,98,63,46,98,95,35,17,46,35,81,16,90,4,11,9,31,47
32,66,46,27,45,26,30,55,77,1,44,10,76,82,51,75,91,49,43,8,59,77,74,26,75,84,78,33,33,70,73,86,58,38,85,63,8,33,53,43,79,75,12,99,12,99,84,53,64,15,84,34,95,79,39,44,85,92,65,13,95,56,38,7,90,94,11,0,1,41,24,84,68,2,60,28,88,72,5,82,88,1,80,46,31,83,86,83,73,30,20,3,41,69,12,92,96,88,25,46
33,49,85,2,14,94,82,7,92,48,49,38,67,71,64,55,6,83,66,58,13,3,34,23,15,58,72,1,18,86,44,49,73,70,85,79,91,83,87,78,37,49,87,14,82,42,27,33,50,87,54,70,80,39,27,92,95,10,31,64,67,52,18,2,29,52,40,1,0,43,62,39,60,39,43,74,1,61,99,55,38,11,55,90,51,76,20,73,80,62,59,38,57,89,6,28,70,82,55,94
59,74,31,83,87,65,2,38,72,14,44,55,83,8,27,91,33,58,30,98,85,61,46,23,90,14,73,88,57,98,17,74,37,25,50,7,44,24,25,9,2,8,33,62,7,26,50,75,79,57,8,8,34,71,66,38,22,2,78,42,33,35,4,27,56,40,77,41,43,0,2,55,46,48,97,84,62,33,89,18,64,19,64,79,95,73,66,26,56,35,35,33,87,28,86,34,80,40,14,17
77,82,3,91,68,83,42,12,12,7,19,23,49,21,67,57,14,70,74,25,46,55,48,82,32,82,63,30,74,27,82,80,80,32,36,86,87,7,93,57,26,28,43,94,84,93,58,24,85,79,80,8,2,24,31,88,96,96,11,17,90,44,83,54,92,45,51,24,62,2,0,37,31,21,96,85,51,75,48,10,66,91,50,68,71,16,5,66,67,49,75,74,95,53,37,31,14,91,51,39
24,39,22,57,47,34,8,61,46,67,90,46,13,65,70,69,14,70,80,77,50,18,37,67,21,4,74,92,99,66,83,18,9,60,61,45,57,68,86,2,52,26,9,76,67,20,72,10,80,93,65,76,98,11,51,48,89,59,19,15,5,91,40,5,59,14,54,84,39,55,37,0,94,59,72,96,20,17,2,57,92,32,93,69,94,8,22,95,31,8,18,47,5,69,93,46,23,2,50,42
46,96,27,86,93,47,84,22,78,80,16,2,88,87,7,60,53,72,80,72,80,78,28,58,94,26,69,81,3,75,96,88,17,80,21,66,4,27,46,22,66,64,61,86,11,59,31,9,23,18,38,8,7,94,96,57,54,79,62,2,94,25,99,4,8,11,53,68,60,46,31,94,0,21,81,91,9,83,96,39,33,46,12,75,21,65,62,7,58,39,55,68,16,66,14,72,52,20,5,22
51,95,40,72,26,14,75,86,57,72,85,22,69,82,83,7,78,78,80,41,17,57,27,27,26,67,5,96,19,4,13,29,68,74,43,85,96,38,96,83,15,71,10,69,14,26,61,52,59,74,89,25,32,29,80,43,7,65,34,17,72,33,38,66,55,97,24,2,39,48,21,59,21,0,21,33,9,69,6,65,71,75,99,49,84,33,75,90,40,93,23,10,23,92,31,19,53,94,82,90
97,48,23,66,22,32,48,2,94,18,92,51,10,72,87,62,58,26,39,86,84,60,34,26,99,66,55,99,65,96,6,98,80,76,1,23,46,59,90,46,21,78,33,11,41,99,67,35,66,96,12,18,5,62,18,56,46,98,60,10,3,92,99,21,51,30,62,60,43,97,96,72,81,21,0,66,46,30,42,42,72,38,90,57,12,40,64,90,96,9,78,32,88,90,28,43,4,92,14,28
17,69,57,78,92,64,17,45,6,16,7,64,53,68,57,73,44,1,60,41,93,11,83,67,76,97,28,11,62,13,52,17,94,35,20,61,64,48,11,15,13,57,57,61,79,25,56,92,3,53,91,32,1,11,39,50,45,7,56,67,63,75,41,11,22,46,89,28,74,84,85,96,91,33,66,0,82,73,47,34,81,34,64,58,33,64,98,79,30,19,5,94,20,99,31,76,19,15,5,13
6,32,93,58,42,51,28,45,12,69,56,62,41,87,9,74,73,12,66,28,55,5,25,98,90,90,13,83,44,60,69,17,86,79,26,41,13,23,73,94,82,14,51,76,68,62,33,17,37,41,28,78,51,89,35,97,95,77,62,97,60,76,28,63,72,7,80,88,1,62,51,20,9,9,46,82,0,68,78,38,72,29,43,9,54,29,5,35,41,80,92,95,42,54,70,9,22,50,69,32
58,43,64,7,29,43,83,87,70,66,81,83,61,28,81,24,5,67,99,82,7,72,82,58,31,86,79,13,76,23,78,90,9,98,60,16,24,38,81,98,73,29,72,29,65,85,29,70,32,62,8,98,19,23,61,45,61,73,35,22,79,78,15,39,77,88,67,72,61,33,75,17,83,69,30,73,68,0,24,53,74,72,74,80,83,11,57,47,73,87,88,59,72,76,33,3,83,89,24,13
16,64,74,28,52,52,96,63,26,46,61,36,94,1,86,9,59,6,93,6,18,10,61,8,63,12,93,59,87,74,8,93,87,56,33,12,74,30,4,96,43,84,49,59,14,21,37,30,31,36,28,23,97,33,2,35,93,24,95,86,18,34,27,73,13,52,43,5,99,89,48,2,96,6,42,47,78,24,0,64,39,28,49,3,96,85,62,80,77,9,96,85,99,39,87,63,24,59,32,45
40,25,36,27,33,13,6,3,33,51,66,98,5,72,60,53,79,39,31,11,15,39,38,61,53,19,48,46,57,91,97,32,28,69,20,56,41,8,57,77,31,95,69,1,9,12,43,27,70,5,51,61,13,63,55,92,20,11,82,46,8,12,82,41,38,89,3,82,55,18,10,57,39,65,42,34,38,53,64,0,47,62,58,63,43,59,99,98,18,43,72,42,95,88,83,46,75,95,66,26
84,34,27,19,86,92,3,24,54,98,54,89,22,21,44,69,28,57,27,47,82,7,90,83,39,39,17,41,7,2,13,59,96,44,7,96,42,42,13,56,43,19,95,23,77,78,15,50,10,92,88,88,74,71,98,26,87,29,51,53,1,17,72,15,79,60,25,88,38,64,66,92,33,71,72,81,72,74,39,47,0,90,70,57,91,11,36,24,88,18,66,43,96,80,75,65,84,83,85,37
28,67,21,9,29,34,72,67,38,30,44,91,44,52,2,94,21,80,93,16,94,57,52,45,23,23,70,7,93,12,87,36,35,22,76,88,18,9,17,93,41,55,10,34,13,43,51,80,83,93,28,19,51,92,23,99,57,12,3,92,32,22,91,53,12,54,18,1,11,19,91,32,46,75,38,34,29,72,28,62,90,0,74,21,67,29,1,14,52,39,20,61,86,34,65,68,94,62,83,11
51,32,27,93,70,7,43,87,76,75,82,87,62,64,70,68,68,10,32,10,98,33,46,85,49,82,15,77,48,41,38,30,87,2,93,99,51,20,75,99,99,61,83,62,14,59,78,28,62,90,93,98,57,40,40,38,53,74,84,74,50,89,19,24,80,33,99,80,55,64,50,93,12,99,90,64,43,74,49,58,70,74,0,39,40,76,16,89,28,64,51,13,85,84,17,24,54,68,97,76
28,65,36,58,74,11,56,17,32,79,80,75,80,41,97,56,70,86,42,51,50,18,16,14,95,83,67,90,27,97,16,29,61,28,70,71,5,52,73,46,26,42,74,58,37,90,56,6,58,46,2,55,29,45,22,58,22,46,51,40,65,44,55,87,33,3,98,46,90,79,68,69,75,49,57,58,9,80,3,63,57,21,39,0,17,98,89,8,26,81,62,3,8,42,57,22,61,86,94,31
56,82,16,20,46,58,75,6,73,97,70,94,68,26,18,38,17,33,45,48,12,60,56,55,65,74,3,58,58,74,70,93,99,89,94,91,18,30,52,1,10,6,47,95,4,61,2,40,5,65,24,33,92,79,37,98,87,26,14,56,56,37,17,24,3,70,63,31,51,95,71,94,21,84,12,33,54,83,96,43,91,67,40,17,0,60,29,85,98,53,22,17,74,98,1,14,45,10,77,44
46,54,41,97,2,27,83,27,35,35,26,96,32,14,1,64,37,11,55,15,19,67,88,7,11,83,15,5,49,14,68,59,95,7,90,15,25,17,77,32,28,39,5,65,92,5,20,8,23,55,78,33,47,8,63,85,2,19,74,6,93,65,79,44,43,21,46,83,76,73,16,8,65,33,40,64,29,11,85,59,11,29,76,98,60,0,58,49,83,64,7,70,19,87,95,5,83,46,52,26
60,20,42,20,6,54,94,75,14,62,6,65,36,26,21,76,81,32,82,42,33,27,53,6,17,66,80,31,38,1,73,97,54,26,48,63,19,85,27,57,67,99,97,82,13,31,76,21,57,63,40,56,45,27,72,18,8,31,81,84,45,87,16,37,30,92,98,86,20,66,5,22,62,75,64,98,5,57,62,99,36,1,16,89,29,58,0,61,55,7,81,32,43,20,11,74,33,70,58,53
17,85,37,6,95,17,16,6,71,99,22,32,76,8,1,94,17,32,34,5,81,17,70,28,91,45,57,82,92,44,46,57,52,96,29,20,76,68,37,73,19,7,71,86,86,65,93,91,34,63,38,83,39,99,37,60,36,19,29,15,74,49,95,19,23,81,95,83,73,26,66,95,7,90,90,79,35,47,80,98,24,14,89,8,85,49,61,0,87,81,86,24,50,10,8,80,28,54,23,55
51,21,37,90,21,15,53,94,97,59,83,68,59,97,28,59,12,20,13,30,24,58,50,13,76,11,38,31,79,93,56,37,45,21,15,38,99,77,95,57,36,38,80,53,29,17,79,26,73,71,34,49,51,7,24,12,98,46,22,22,53,74,86,70,92,27,35,73,80,56,67,31,58,40,96,30,41,73,77,18,88,52,28,26,98,83,55,87,0,40,29,13,4,75,47,49,4,86,67,71
72,70,88,60,73,46,98,28,33,31,75,51,64,87,39,16,56,5,26,24,90,87,81,47,1,25,12,32,80,77,21,39,33,5,63,85,48,65,96,56,66,67,57,30,74,70,82,4,70,54,19,28,84,6,69,66,62,23,81,75,16,39,94,53,54,38,17,30,62,35,49,8,39,93,9,19,80,87,9,43,18,39,64,81,53,64,7,81,40,0,57,50,43,9,64,53,15,85,46,99
74,27,10,77,33,85,49,80,98,25,97,59,37,16,18,14,79,10,31,67,70,28,44,9,19,36,37,60,10,80,52,8,35,27,55,3,72,31,49,19,80,44,79,83,4,28,5,13,14,49,67,72,68,19,21,76,73,88,13,36,74,53,66,58,50,74,46,20,59,35,75,18,55,23,78,5,92,88,96,72,66,20,51,62,22,7,81,86,29,57,0,22,90,74,8,39,44,5,13,21
16,11,89,6,65,3,10,66,85,89,83,1,46,68,17,17,49,73,62,14,71,97,5,72,52,16,81,9,26,76,11,25,85,84,48,24,77,65,14,37,35,82,24,91,22,16,32,42,96,66,9,34,43,16,44,56,5,60,66,2,72,51,7,98,96,84,35,3,38,33,74,47,68,10,32,94,95,59,85,42,43,61,13,3,17,70,32,24,13,50,22,0,56,47,22,72,90,97,30,26
67,72,53,40,88,84,40,5,36,61,76,17,7,52,49,59,69,45,40,26,84,29,54,44,64,70,68,36,9,96,44,26,40,63,57,40,34,58,62,49,93,24,12,53,69,67,67,71,5,59,99,96,28,75,69,43,56,20,90,71,65,11,28,80,85,74,81,41,57,87,95,5,16,23,88,20,42,72,99,95,96,86,85,8,74,19,43,50,4,43,90,56,0,47,42,73,26,68,60,18
75,66,92,66,37,70,11,52,26,59,83,72,94,76,1,95,25,85,94,52,37,30,34,84,86,64,66,86,73,88,71,63,87,50,42,89,66,82,21,28,59,99,62,85,94,27,85,15,67,50,31,32,37,16,70,99,92,13,19,71,74,9,31,94,99,80,16,69,89,28,53,69,66,92,90,99,54,76,39,88,80,34,84,42,98,87,20,10,75,9,74,47,47,0,14,81,65,28,36,77
38,44,27,6,61,73,67,98,55,49,11,84,70,31,51,82,26,5,99,98,15,57,9,36,24,42,94,41,68,80,94,85,75,31,74,83,66,70,64,41,48,19,62,48,43,86,85,7,21,94,26,99,15,64,11,36,58,80,10,69,90,30,91,42,46,69,90,12,6,86,37,93,14,31,28,31,70,33,87,83,75,65,17,57,1,95,11,8,47,64,8,22,42,14,0,68,59,16,47,23
93,97,89,62,62,74,72,10,40,13,10,1,47,61,80,28,6,68,36,70,87,96,3,89,54,76,3,8,66,95,93,24,99,70,16,31,19,56,28,2,59,26,99,98,9,97,88,92,87,85,3,99,45,59,90,77,53,19,28,74,31,43,48,74,74,12,4,92,28,34,31,46,72,19,43,76,9,3,63,46,65,68,24,22,14,5,74,80,49,53,39,72,73,81,68,0,3,61,88,52
56,11,62,45,59,12,39,46,20,30,55,87,94,11,4,44,26,44,30,1,75,39,25,65,30,82,78,17,15,46,92,12,15,44,32,71,18,14,70,46,42,17,58,32,66,6,25,11,5,76,53,58,89,62,8,59,94,85,86,57,44,30,72,55,43,90,11,96,70,80,14,23,52,53,4,19,22,83,24,75,84,94,54,61,45,83,33,28,4,15,44,90,26,65,59,3,0,6,31,65
81,87,44,59,64,26,48,20,78,70,92,75,87,36,86,86,34,53,15,1,83,25,37,78,42,58,44,19,9,58,44,40,95,94,36,25,32,58,79,30,36,41,66,36,93,63,66,84,37,66,21,47,30,98,67,50,24,71,54,77,43,61,48,92,68,97,9,88,82,40,91,2,20,94,92,15,50,89,59,95,83,62,68,86,10,46,70,54,86,85,5,97,68,28,16,61,6,0,90,30
4,46,7,9,23,23,6,27,50,79,13,64,50,97,46,96,11,44,99,97,27,71,38,21,1,34,24,7,73,24,80,34,38,35,14,94,55,54,78,66,5,42,62,79,86,72,81,68,17,97,21,29,87,76,64,53,25,12,14,66,22,58,35,72,94,24,31,25,55,14,51,50,5,82,14,5,69,24,32,66,85,83,97,94,77,52,58,23,67,46,13,30,60,36,47,88,31,90,0,11
61,55,97,85,76,22,82,41,89,4,59,80,35,82,88,52,4,2,87,59,8,27,43,66,48,86,25,40,4,88,42,2,94,68,28,85,55,78,25,10,69,45,35,3,13,71,72,86,93,71,86,65,3,70,85,21,86,71,32,22,43,55,95,28,52,20,47,46,94,17,39,42,22,90,28,13,32,13,45,26,37,11,76,31,44,26,53,55,71,99,21,26,18,77,23,52,65,30,11,0
